1 9.31323e-10 -1.09139e-11 4.65661e-10 9.31323e-10 1 4.65661e-10 -7.45058e-09 -1.09139e-11 -4.65661e-10 1 0 
0.99998 0.000392845 -0.00627773 -0.0122349 -0.000390348 1 0.000399049 -0.000371419 0.00627788 -0.000396591 0.99998 0.0899742 
0.999914 0.000786359 -0.013083 -0.0147268 -0.000782776 1 0.000279024 -0.0109962 0.0130832 -0.000268759 0.999914 0.179927 
0.999788 0.000825607 -0.0205907 -0.0274175 -0.000829557 1 -0.000183403 -0.0117185 0.0205905 0.000200447 0.999788 0.279935 
0.999564 0.00136155 -0.0294965 -0.0405393 -0.00140663 0.999998 -0.00150761 -0.0127313 0.0294944 0.00154844 0.999564 0.379981 
0.999171 0.00169926 -0.0406698 -0.0644519 -0.00182222 0.999994 -0.0029867 -0.0137795 0.0406645 0.00305833 0.999168 0.489975 
0.998534 0.00168748 -0.0541018 -0.0791832 -0.00190243 0.99999 -0.00392179 -0.0148545 0.0540946 0.00401896 0.998528 0.619874 
0.997524 0.00154187 -0.0703038 -0.10487 -0.00182472 0.99999 -0.00395918 -0.015613 0.0702969 0.00407766 0.997518 0.75958 
0.996069 0.000702439 -0.0885779 -0.1414 -0.00105876 0.999992 -0.00397575 -0.026345 0.0885743 0.0040539 0.996061 0.909056 
0.994109 -0.000326766 -0.108387 -0.168397 -0.000123871 0.999991 -0.00415093 -0.027275 0.108387 0.0041399 0.9941 1.06846 
0.99144 2.77474e-05 -0.130566 -0.216187 -0.000594924 0.999991 -0.00430497 -0.038108 0.130565 0.00434578 0.99143 1.23755 
0.988005 0.00296673 -0.154396 -0.274341 -0.00386108 0.999977 -0.00549308 -0.0492201 0.154376 0.00602331 0.987994 1.40648 
0.98367 0.00692243 -0.179849 -0.342905 -0.00835119 0.999939 -0.00718831 -0.0504942 0.179788 0.00857286 0.983668 1.58523 
0.978314 0.00992636 -0.206888 -0.422073 -0.0117981 0.9999 -0.00781513 -0.051326 0.20679 0.0100865 0.978333 1.76356 
0.97157 0.0110892 -0.236493 -0.492358 -0.0133317 0.99988 -0.00788507 -0.0621708 0.236377 0.0108137 0.971601 1.96133 
0.963458 0.0127977 -0.267556 -0.572997 -0.0153879 0.999853 -0.00758639 -0.0627507 0.267419 0.0114263 0.963513 2.14869 
0.954087 0.0146733 -0.299171 -0.683912 -0.0174391 0.999826 -0.00657703 -0.0729159 0.299022 0.0114923 0.954177 2.34548 
0.942858 0.0169804 -0.332761 -0.795464 -0.0198379 0.99979 -0.00519142 -0.0829578 0.332602 0.011496 0.942997 2.54165 
0.930245 0.0193907 -0.366425 -0.886843 -0.0227473 0.999729 -0.00484453 -0.0733834 0.366232 0.0128418 0.930435 2.71763 
0.91642 0.0220122 -0.399613 -1.03827 -0.025819 0.999658 -0.00414499 -0.083403 0.399385 0.0141162 0.916674 2.92297 
0.900456 0.0229621 -0.43434 -1.17014 -0.0271385 0.999626 -0.00341559 -0.0734338 0.434099 0.0148629 0.900743 3.10771 
0.882203 0.0193481 -0.470471 -1.29289 -0.0240832 0.999702 -0.00404705 -0.0739055 0.470252 0.0149008 0.882406 3.28156 
0.861163 0.0157948 -0.508083 -1.45628 -0.0206676 0.999779 -0.00394984 -0.0840039 0.507908 0.0139023 0.861299 3.48428 
0.836542 0.0172208 -0.547632 -1.60999 -0.0212551 0.999773 -0.00102958 -0.10307 0.54749 0.0125012 0.836719 3.65577 
0.807981 0.022284 -0.588787 -1.81377 -0.025662 0.999667 0.00261932 -0.0915823 0.588649 0.0129931 0.808284 3.83622 
0.775867 0.0254847 -0.630382 -2.02797 -0.0289927 0.999568 0.00472607 -0.100393 0.63023 0.0146096 0.776271 3.99542 
0.740401 0.0252636 -0.671691 -2.21225 -0.0291507 0.99956 0.00546277 -0.0998163 0.671533 0.0155356 0.740811 4.14353 
0.701209 0.0220509 -0.712615 -2.46676 -0.0242175 0.999681 0.00710391 -0.108534 0.712544 0.0122764 0.70152 4.31986 
0.659087 0.0190882 -0.751824 -2.70067 -0.0197713 0.999772 0.00805088 -0.11752 0.751806 0.00955827 0.659314 4.47528 
0.615009 0.0187736 -0.788297 -2.94333 -0.0172139 0.999798 0.0103807 -0.115783 0.788332 0.00718538 0.615208 4.60014 
0.567472 0.0194978 -0.823162 -3.24538 -0.0151428 0.999798 0.0132426 -0.103585 0.823253 0.00495016 0.567652 4.75379 
0.516906 0.0206753 -0.855793 -3.53674 -0.0139048 0.999779 0.0157553 -0.111328 0.855929 0.00375559 0.517079 4.8664 
0.464464 0.0220409 -0.885318 -3.82687 -0.0129803 0.999752 0.01808 -0.0990085 0.885497 0.00309414 0.464635 4.95853 
0.410341 0.024093 -0.911614 -4.19607 -0.0118481 0.999707 0.021088 -0.105945 0.911855 0.00214764 0.410507 5.06979 
0.355373 0.0263829 -0.934352 -4.5139 -0.0113839 0.99965 0.0238969 -0.103031 0.934655 0.00214426 0.355549 5.13098 
0.300177 0.0291342 -0.953439 -4.91051 -0.00949977 0.999575 0.0275532 -0.0993146 0.953836 0.000786622 0.300326 5.21182 
0.246557 0.0308483 -0.968637 -5.28583 -0.00533309 0.999521 0.0304744 -0.0957974 0.969113 -0.00234787 0.246604 5.26305 
0.195906 0.0320347 -0.9801 -5.64996 -0.0027343 0.99948 0.0321216 -0.102598 0.980619 -0.00361292 0.195891 5.28536 
0.148233 0.0328017 -0.988409 -6.09289 -0.00449917 0.999462 0.0324938 -0.0892004 0.988942 -0.000369642 0.148301 5.30901 
0.105932 0.0331523 -0.993821 -6.50479 -0.00663701 0.999445 0.0326325 -0.0759296 0.994351 0.00313916 0.106093 5.30452 
0.0674728 0.0319621 -0.997209 -6.96614 -0.00774299 0.999473 0.0315108 -0.0627338 0.997691 0.00559525 0.0676847 5.31113 
0.0327971 0.0295269 -0.999026 -7.43707 -0.00712197 0.999545 0.0293084 -0.0596767 0.999436 0.00615378 0.0329925 5.29874 
0.00156718 0.027259 -0.999627 -7.88754 -0.00669564 0.999606 0.027248 -0.0566054 0.999976 0.00665042 0.00174908 5.26753 
-0.0256625 0.0251452 -0.999355 -8.38768 -0.00681974 0.999656 0.0253279 -0.0530881 0.999647 0.0074653 -0.0254821 5.23759 
-0.0466054 0.0231618 -0.998645 -8.88751 -0.00751552 0.999695 0.0235369 -0.0394021 0.998885 0.00860226 -0.0464171 5.18984 
-0.0633304 0.0222651 -0.997745 -9.41719 -0.00719893 0.999715 0.0227661 -0.0251304 0.997966 0.00862445 -0.0631521 5.14336 
-0.0765484 0.022652 -0.996809 -9.9568 -0.00621464 0.999712 0.0231952 -0.0203105 0.997046 0.00797034 -0.0763855 5.08791 
-0.0859541 0.0237928 -0.996015 -10.5164 -0.00683441 0.999677 0.0244701 -0.0150571 0.996275 0.00891046 -0.0857638 5.03384 
-0.0931017 0.0248915 -0.995346 -11.096 -0.00782217 0.999638 0.0257306 -0.00951987 0.995626 0.0101813 -0.0928733 4.96051 
-0.097447 0.0259169 -0.994904 -11.6756 -0.00778645 0.99961 0.0268022 -0.00410485 0.99521 0.0103585 -0.0972072 4.89802 
-0.0991751 0.0266574 -0.994713 -12.2854 -0.00724917 0.999595 0.027511 0.00143386 0.995043 0.00993923 -0.0989417 4.83631 
-0.0984486 0.0285532 -0.994733 -12.9051 -0.00568803 0.999556 0.0292546 0.00740183 0.995126 0.00853812 -0.0982425 4.77533 
-0.0970507 0.0308474 -0.994802 -13.5448 -0.00535535 0.999489 0.0315152 0.0136956 0.995265 0.00838606 -0.0968359 4.71463 
-0.0953472 0.030715 -0.99497 -14.1947 -0.00676621 0.999481 0.0315026 0.0293709 0.995421 0.00973584 -0.0950898 4.64421 
-0.0938449 0.02889 -0.995168 -14.8447 -0.00956853 0.999506 0.0299183 0.0345177 0.99554 0.0123299 -0.0935222 4.57375 
-0.0924689 0.0284849 -0.995308 -15.5246 -0.0102778 0.99951 0.0295601 0.0403239 0.995662 0.012963 -0.0921308 4.50304 
-0.0907375 0.0309442 -0.995394 -16.2242 -0.0101227 0.999437 0.0319927 0.0571564 0.995823 0.0129789 -0.0903731 4.44243 
-0.0890241 0.0342244 -0.995442 -16.9438 -0.0104923 0.999322 0.0352961 0.0745001 0.995974 0.0135867 -0.0886046 4.37183 
-0.0872743 0.0363836 -0.99552 -17.6634 -0.00981313 0.999253 0.0373804 0.0914449 0.996136 0.0130315 -0.086852 4.30114 
-0.0856319 0.0357576 -0.995685 -18.4133 -0.0131418 0.999228 0.0370151 0.107797 0.99624 0.0162548 -0.0850959 4.23068 
-0.0839469 0.0332909 -0.995914 -19.1633 -0.0157697 0.999272 0.0347325 0.113518 0.996345 0.0186209 -0.0833608 4.16008 
-0.082406 0.0328741 -0.996057 -19.9132 -0.0168293 0.999267 0.0343724 0.129884 0.996456 0.0195954 -0.0817924 4.08939 
-0.0811367 0.0346573 -0.9961 -20.7028 -0.0144 0.99925 0.0359399 0.147168 0.996599 0.0172599 -0.0805768 4.02826 
-0.0797101 0.0369007 -0.996135 -21.4825 -0.012671 0.999196 0.0380281 0.164538 0.996737 0.0156532 -0.0791784 3.96727 
-0.0786349 0.0380517 -0.996177 -22.2821 -0.0114606 0.999171 0.0390707 0.191785 0.996837 0.0144891 -0.0781336 3.89622 
-0.0780615 0.0341409 -0.996364 -23.0923 -0.0104116 0.999331 0.0350583 0.197437 0.996894 0.0131104 -0.0776538 3.82482 
-0.0776774 0.0279108 -0.996588 -23.8827 -0.0100547 0.999535 0.028777 0.202105 0.996927 0.0122557 -0.0773607 3.76343 
-0.077839 0.023534 -0.996688 -24.7128 -0.0103945 0.999648 0.0244157 0.217727 0.996911 0.0122605 -0.077567 3.70193 
-0.0781777 0.0242836 -0.996644 -25.5326 -0.00969475 0.999637 0.025117 0.22502 0.996892 0.0116258 -0.077914 3.63029 
-0.0781695 0.0311776 -0.996453 -26.3818 -0.00831106 0.999456 0.0319235 0.244584 0.996905 0.010777 -0.0778679 3.55877 
-0.0784956 0.037881 -0.996195 -27.231 -0.00709888 0.999231 0.0385559 0.254086 0.996889 0.0100983 -0.0781663 3.48709 
-0.0787218 0.0433443 -0.995954 -28.0703 -0.00832835 0.998991 0.0441348 0.273143 0.996861 0.011769 -0.0782814 3.41572 
-0.0789297 0.0437942 -0.995918 -28.91 -0.00919978 0.99896 0.0446572 0.290527 0.996837 0.012687 -0.0784447 3.34429 
-0.0793036 0.0407525 -0.996017 -29.7401 -0.0102382 0.999078 0.041693 0.296678 0.996798 0.0135037 -0.0788133 3.27273 
-0.0800575 0.0384905 -0.996047 -30.5901 -0.0123217 0.99914 0.0396004 0.313271 0.996714 0.0154433 -0.0795144 3.20117 
-0.0800861 0.0393023 -0.996013 -31.4197 -0.0130208 0.999096 0.040471 0.330756 0.996703 0.01621 -0.079502 3.11979 
-0.0797326 0.0410865 -0.99597 -32.2593 -0.0125034 0.99903 0.0422138 0.348552 0.996738 0.0158188 -0.0791416 3.04844 
-0.0796029 0.0397436 -0.996034 -33.0992 -0.0140726 0.99906 0.040989 0.365355 0.996727 0.0172796 -0.0789688 2.97715 
-0.0790653 0.035347 -0.996243 -33.9194 -0.0147679 0.99922 0.0366247 0.371027 0.99676 0.0176081 -0.0784817 2.89586 
-0.0790766 0.0315548 -0.996369 -34.7496 -0.0165065 0.99932 0.0329584 0.376938 0.996731 0.0190528 -0.078502 2.82446 
-0.078554 0.0319232 -0.996399 -35.5793 -0.0163371 0.999312 0.0333045 0.39419 0.996776 0.0188944 -0.0779784 2.75319 
-0.077856 0.0340878 -0.996382 -36.409 -0.0154741 0.999254 0.0353952 0.402025 0.996844 0.0181738 -0.0772704 2.68188 
-0.0775323 0.0390153 -0.996226 -37.2484 -0.014787 0.999079 0.0402779 0.420863 0.99688 0.017854 -0.0768839 2.61054 
-0.077123 0.0441072 -0.996046 -38.0777 -0.0120073 0.998907 0.0451636 0.439567 0.996949 0.015443 -0.0765092 2.54905 
-0.077055 0.0472458 -0.995907 -38.9071 -0.0141065 0.998725 0.048471 0.467784 0.996927 0.0177837 -0.0762903 2.47793 
-0.0768467 0.0474903 -0.995912 -39.7368 -0.0132365 0.998728 0.048646 0.484983 0.996955 0.0169206 -0.0761204 2.40649 
-0.0766523 0.0438284 -0.996094 -40.557 -0.0134066 0.998898 0.0449835 0.490762 0.996967 0.0168023 -0.0759802 2.34505 
-0.0763321 0.0396973 -0.996292 -41.3871 -0.0151473 0.999046 0.0409676 0.506625 0.996967 0.0182183 -0.075658 2.26383 
-0.0762223 0.036686 -0.996416 -42.2172 -0.0181096 0.999107 0.0381705 0.522817 0.996926 0.0209541 -0.0754899 2.19265 
-0.076638 0.0346958 -0.996455 -43.047 -0.0212437 0.999111 0.0364222 0.549354 0.996832 0.0239596 -0.0758328 2.12139 
-0.0774231 0.0325726 -0.996466 -43.867 -0.0193143 0.99923 0.0341637 0.555674 0.996811 0.0218911 -0.0767344 2.04946 
-0.0783724 0.0296089 -0.996485 -44.6871 -0.0170328 0.999373 0.0310344 0.561642 0.996778 0.0194051 -0.077819 1.98744 
-0.0793458 0.028229 -0.996448 -45.5071 -0.0145788 0.999459 0.0294753 0.56813 0.99674 0.0168658 -0.0788913 1.92541 
-0.0810766 0.0312821 -0.996217 -46.3266 -0.0131732 0.999386 0.0324537 0.576183 0.99662 0.0157545 -0.0806147 1.85328 
-0.0829506 0.0368741 -0.995872 -47.1559 -0.0105491 0.999227 0.037877 0.595131 0.996497 0.0136475 -0.0824974 1.78106 
-0.0846223 0.0402003 -0.995602 -47.9653 -0.00809767 0.999125 0.0410309 0.613164 0.99638 0.0115342 -0.0842227 1.70893 
-0.0860492 0.040275 -0.995477 -48.7651 -0.00913255 0.999109 0.0412114 0.620113 0.996249 0.0126374 -0.0856047 1.63711 
-0.0873284 0.0365755 -0.995508 -49.5752 -0.0115581 0.999221 0.0377259 0.625986 0.996112 0.0148007 -0.0868376 1.55539 
-0.0886271 0.0332809 -0.995509 -50.3654 -0.015206 0.99928 0.0347607 0.621863 0.995948 0.0182184 -0.0880572 1.47375 
-0.0899099 0.0319522 -0.995438 -51.1652 -0.0181594 0.999267 0.0337154 0.638523 0.995784 0.0211079 -0.0892638 1.38218 
-0.0910093 0.0326432 -0.995315 -51.9648 -0.019896 0.999204 0.0345901 0.655762 0.995651 0.0229508 -0.0902874 1.30059 
-0.0919128 0.033969 -0.995188 -52.7445 -0.0204138 0.999144 0.0359894 0.662956 0.995557 0.0236234 -0.0911406 1.22895 
-0.0928227 0.0339955 -0.995103 -53.5343 -0.0218019 0.999108 0.036166 0.669886 0.995444 0.0250521 -0.0919987 1.14734 
-0.0933822 0.0338528 -0.995055 -54.3041 -0.0231927 0.999077 0.0361662 0.676595 0.99536 0.0264552 -0.0925109 1.06589 
-0.0937187 0.0353514 -0.994971 -55.0838 -0.0219707 0.999053 0.037566 0.693865 0.995356 0.0253808 -0.0928533 0.984353 
-0.0942878 0.0379285 -0.994823 -55.8534 -0.0221441 0.998947 0.0401846 0.70145 0.995298 0.0258183 -0.0933486 0.902831 
-0.0939786 0.0418206 -0.994696 -56.6228 -0.0214545 0.9988 0.0440202 0.719376 0.995343 0.0254776 -0.0929686 0.831609 
-0.0947222 0.0440295 -0.99453 -57.3924 -0.0218 0.99869 0.0462901 0.726843 0.995265 0.0260654 -0.0936382 0.750039 
-0.0953934 0.0442573 -0.994456 -58.1421 -0.0210968 0.998697 0.0464698 0.743464 0.995216 0.0254127 -0.0943354 0.668471 
-0.0955367 0.0427093 -0.99451 -58.882 -0.020919 0.998772 0.044902 0.759358 0.995206 0.0250938 -0.094526 0.597115 
-0.0958483 0.0391811 -0.994625 -59.6121 -0.0214346 0.998912 0.0414156 0.764598 0.995165 0.0252889 -0.0949042 0.515686 
-0.0954728 0.0363598 -0.994768 -60.3321 -0.0219571 0.999013 0.0386223 0.77992 0.995189 0.0255295 -0.0945802 0.444579 
-0.0942317 0.0339025 -0.994973 -61.0422 -0.0224875 0.999093 0.0361726 0.785276 0.995296 0.025783 -0.0933838 0.373717 
-0.0919925 0.0327733 -0.995221 -61.7322 -0.0239009 0.999098 0.0351103 0.790924 0.995472 0.0270165 -0.0911261 0.303318 
-0.0876884 0.0334637 -0.995586 -62.4021 -0.0249858 0.999047 0.0357808 0.796923 0.995834 0.028013 -0.0867687 0.24364 
-0.0821484 0.0348 -0.996013 -63.062 -0.0250351 0.999003 0.0369693 0.80302 0.996305 0.0279722 -0.0811952 0.184311 
-0.0750362 0.0359963 -0.996531 -63.7019 -0.0250975 0.998964 0.0379739 0.818829 0.996864 0.0278598 -0.074055 0.135601 
-0.0660529 0.0371263 -0.997125 -64.3419 -0.0267451 0.998883 0.0389635 0.824623 0.997457 0.0292418 -0.0649862 0.0875795 
-0.0541373 0.038664 -0.997785 -64.9618 -0.0291148 0.998764 0.0402816 0.830294 0.998109 0.031231 -0.0529447 0.0506319 
-0.0396218 0.0397642 -0.998424 -65.5518 -0.0323761 0.998632 0.0410574 0.835473 0.99869 0.0339518 -0.0382802 0.0246676 
-0.0212336 0.0409117 -0.998937 -66.1417 -0.0347952 0.998527 0.0416345 0.850462 0.999168 0.0356423 -0.0197788 0.0199733 
0.000722182 0.041544 -0.999137 -66.7016 -0.0356707 0.998502 0.0414919 0.854917 0.999363 0.0356098 0.002203 0.0263026 
0.0263923 0.0408946 -0.998815 -67.2414 -0.036222 0.998546 0.0399265 0.858613 0.998995 0.0351252 0.0278353 0.0538509 
0.055574 0.0397724 -0.997662 -67.751 -0.0359235 0.998639 0.0378103 0.861762 0.997808 0.0337382 0.0569271 0.102538 
0.0899317 0.0387034 -0.995196 -68.2502 -0.0353091 0.99874 0.0356505 0.864752 0.995321 0.0319333 0.091185 0.162932 
0.127096 0.0377295 -0.991173 -68.7189 -0.035579 0.998807 0.0334579 0.86729 0.991252 0.0310126 0.128286 0.254386 
0.167021 0.0365727 -0.985275 -69.167 -0.0355098 0.998887 0.0310585 0.869405 0.985313 0.0297994 0.168134 0.376763 
0.21248 0.0358654 -0.976507 -69.624 -0.0347695 0.998971 0.0291249 0.871824 0.976546 0.0277641 0.213509 0.490894 
0.25926 0.0334281 -0.965229 -70.0505 -0.0315792 0.99916 0.026121 0.873276 0.965291 0.023709 0.260098 0.665323 
0.309705 0.0278942 -0.950424 -70.4561 -0.0240297 0.99948 0.0215037 0.864123 0.950529 0.0161786 0.310214 0.83063 
0.359689 0.0218562 -0.932816 -70.851 -0.0183748 0.999698 0.0163381 0.844301 0.932891 0.0112637 0.359982 1.05595 
0.412113 0.0203851 -0.910905 -71.2338 -0.0109778 0.999788 0.0174077 0.846544 0.911066 0.00282585 0.412249 1.27197 
0.462033 0.0201452 -0.886634 -71.6059 -0.0101753 0.999797 0.0174139 0.857989 0.886804 0.000975997 0.462144 1.53776 
0.510553 0.019239 -0.859631 -71.957 -0.00777367 0.999812 0.0177594 0.869525 0.859811 -0.00238465 0.510607 1.78298 
0.555687 0.0159486 -0.831239 -72.288 0.00024705 0.999813 0.0193481 0.881146 0.831391 -0.0109569 0.55558 2.05668 
0.598965 0.0102651 -0.80071 -72.5987 0.011088 0.999716 0.0211107 0.862348 0.800698 -0.0215228 0.598681 2.37944 
0.641372 0.00637879 -0.767204 -72.8981 0.0134102 0.999719 0.0195228 0.86251 0.767113 -0.0228097 0.641106 2.67279 
0.682446 0.00159034 -0.730934 -73.1865 0.0110603 0.999861 0.012502 0.880569 0.730852 -0.0166163 0.682334 2.99642 
0.72304 -0.00336556 -0.690798 -73.454 0.00769492 0.999965 0.00318225 0.857759 0.690763 -0.00761653 0.723041 3.30984 
0.762122 -0.00611698 -0.647404 -73.7202 0.00383597 0.99998 -0.00493262 0.864823 0.647421 0.00127583 0.762131 3.7029 
0.799165 -0.0070011 -0.601071 -73.9653 0.00314422 0.999967 -0.00746689 0.863732 0.601103 0.00407736 0.799161 4.07477 
0.833299 -0.00779522 -0.552767 -74.1998 0.00353369 0.999955 -0.00877452 0.862652 0.552811 0.00535848 0.833289 4.49557 
0.863834 -0.00708543 -0.503728 -74.424 0.00151614 0.999933 -0.0114651 0.860693 0.503775 0.00914019 0.863787 4.96536 
0.890072 -0.0048698 -0.455795 -74.6287 0.000565523 0.999954 -0.00957937 0.840176 0.45582 0.00826855 0.890033 5.42329 
0.911589 -4.18988e-05 -0.411102 -74.8343 -0.00403071 0.999951 -0.00903974 0.838864 0.411082 0.00989754 0.911544 5.92997 
0.929168 0.0051429 -0.369623 -75.0209 -0.00965987 0.9999 -0.0103707 0.826759 0.369532 0.0132066 0.929124 6.43545 
0.942883 0.00932836 -0.332994 -75.1893 -0.0131996 0.999869 -0.00936516 0.825025 0.332863 0.0132256 0.942882 6.97953 
0.953137 0.0102351 -0.302366 -75.3601 -0.0130875 0.999887 -0.00740919 0.813436 0.302256 0.0110192 0.953163 7.55226 
0.960537 0.00993025 -0.277974 -75.5032 -0.0119455 0.999913 -0.00555699 0.791641 0.277894 0.00865822 0.960573 8.11403 
0.966508 0.0102268 -0.256431 -75.657 -0.0115089 0.999928 -0.00349938 0.789731 0.256377 0.0063334 0.966556 8.71545 
0.971113 0.0122912 -0.238303 -75.792 -0.0128302 0.999917 -0.000710648 0.777894 0.238275 0.00374759 0.971191 9.31639 
0.974714 0.0170604 -0.222805 -75.9476 -0.0172998 0.99985 0.000877689 0.775603 0.222787 0.00299898 0.974863 9.94719 
0.977687 0.0196197 -0.209148 -76.0939 -0.0196805 0.999805 0.00179081 0.782953 0.209142 0.00236528 0.977882 10.5879 
0.98037 0.0199751 -0.196154 -76.2209 -0.0199674 0.999799 0.00201727 0.759861 0.196155 0.00193901 0.980571 11.2383 
0.983021 0.0195352 -0.182449 -76.3377 -0.0195503 0.999807 0.00171604 0.746387 0.182447 0.00188002 0.983214 11.9088 
0.985607 0.0202422 -0.167835 -76.4541 -0.0201753 0.999794 0.00210392 0.742878 0.167843 0.00131247 0.985813 12.6193 
0.987862 0.0212834 -0.153871 -76.5606 -0.0211509 0.999773 0.00249846 0.739352 0.15389 0.000786388 0.988088 13.3198 
0.989807 0.0215736 -0.140769 -76.6676 -0.021775 0.999763 0.000110052 0.72477 0.140737 0.0029563 0.990043 14.0402 
0.99125 0.0224232 -0.13008 -76.7554 -0.0232775 0.999716 -0.00505004 0.709029 0.12993 0.00803378 0.991491 14.7708 
0.99248 0.0219062 -0.120427 -76.8538 -0.0233869 0.999667 -0.0108955 0.683083 0.120148 0.0136299 0.992662 15.5112 
0.993439 0.022619 -0.112105 -76.9324 -0.0240377 0.999647 -0.0113191 0.668656 0.111809 0.0139396 0.993632 16.2713 
0.994184 0.0225932 -0.105299 -77.0216 -0.0233138 0.999712 -0.00561778 0.656367 0.105141 0.00804002 0.994425 17.0309 
0.994608 0.0261456 -0.100357 -77.1111 -0.0260928 0.999658 0.00183883 0.664509 0.100371 0.000789675 0.99495 17.8104 
0.995073 0.026163 -0.0956338 -77.1911 -0.0257248 0.999652 0.0058129 0.641427 0.0957525 -0.0033241 0.9954 18.5899 
0.995383 0.025578 -0.092513 -77.2717 -0.0251827 0.999668 0.00543785 0.617025 0.0926213 -0.00308301 0.995697 19.3497 
0.995689 0.0259704 -0.0890431 -77.3419 -0.0256842 0.999661 0.00435964 0.612235 0.089126 -0.00205384 0.996018 20.1197 
0.995962 0.0249147 -0.0862506 -77.4126 -0.0244507 0.99968 0.00643244 0.598508 0.0863832 -0.00429757 0.996253 20.8894 
0.996243 0.0224729 -0.0836383 -77.4834 -0.0218224 0.999724 0.00868405 0.58485 0.0838103 -0.00682622 0.996458 21.6591 
0.996557 0.0197781 -0.080511 -77.5439 -0.0190151 0.999767 0.0102334 0.580876 0.0806946 -0.00866726 0.996701 22.4289 
0.996758 0.0193437 -0.0781026 -77.6047 -0.0188212 0.999795 0.00742062 0.565497 0.0782301 -0.00592657 0.996918 23.189 
0.996825 0.0224284 -0.0764006 -77.6753 -0.0224622 0.999748 0.000417467 0.54884 0.0763907 0.00129998 0.997077 23.9393 
0.996951 0.0230758 -0.0745389 -77.7462 -0.0236576 0.999696 -0.00693137 0.522015 0.0743562 0.00867363 0.997194 24.6996 
0.997018 0.023981 -0.0733454 -77.8072 -0.0248628 0.999629 -0.0111327 0.506224 0.0730512 0.012923 0.997244 25.4497 
0.997151 0.0247927 -0.0712413 -77.868 -0.0255513 0.999626 -0.00975573 0.492173 0.0709727 0.0115482 0.997411 26.2195 
0.997225 0.0285573 -0.0687512 -77.9385 -0.029034 0.999561 -0.00594407 0.459129 0.0685512 0.00792369 0.997616 26.969 
0.997282 0.0314822 -0.0666076 -77.999 -0.0316476 0.999498 -0.00142952 0.456177 0.0665292 0.0035336 0.997778 27.7286 
0.997514 0.0295237 -0.0639913 -78.0398 -0.0295429 0.999563 0.00064699 0.432347 0.0639824 0.0012451 0.99795 28.4782 
0.997648 0.0271035 -0.0629589 -78.0912 -0.0270949 0.999632 0.000992193 0.408022 0.0629626 0.000716 0.998016 29.228 
0.99777 0.0253442 -0.0617523 -78.1524 -0.0253425 0.999678 0.000810907 0.393531 0.061753 0.000755859 0.998091 29.9878 
0.997827 0.0256099 -0.0607152 -78.1935 -0.0256828 0.99967 -0.000420304 0.378579 0.0606844 0.00197872 0.998155 30.7377 
0.997921 0.0234305 -0.0600435 -78.2449 -0.0235821 0.99972 -0.00181817 0.363603 0.059984 0.00323034 0.998194 31.4977 
0.998024 0.0220544 -0.05883 -78.2962 -0.0221796 0.999753 -0.00147659 0.339204 0.0587829 0.0027785 0.998267 32.2574 
0.997988 0.0245336 -0.0584601 -78.3474 -0.0246216 0.999696 -0.000786329 0.324831 0.058423 0.00222413 0.998289 33.0272 
0.99798 0.0248397 -0.0584637 -78.3989 -0.0249692 0.999687 -0.00148514 0.310007 0.0584085 0.00294193 0.998289 33.7971 
0.997904 0.0241379 -0.0600375 -78.441 -0.0242804 0.999704 -0.00164505 0.29529 0.05998 0.00309933 0.998195 34.5669 
0.997789 0.0231232 -0.0623059 -78.5034 -0.0232478 0.999729 -0.00127478 0.280784 0.0622595 0.00272043 0.998056 35.3567 
0.99761 0.023667 -0.0649137 -78.5557 -0.0237872 0.999716 -0.00107922 0.266194 0.0648697 0.00262075 0.99789 36.1364 
0.997314 0.0271234 -0.0680301 -78.6281 -0.0272943 0.999626 -0.0015833 0.251316 0.0679617 0.00343587 0.997682 36.9462 
0.997122 0.027884 -0.0704939 -78.6905 -0.0283472 0.999583 -0.00557881 0.225337 0.0703088 0.00756105 0.997497 37.7362 
0.996921 0.0291734 -0.072776 -78.7627 -0.0299227 0.99951 -0.00922773 0.209484 0.072471 0.011377 0.997306 38.5363 
0.996782 0.0290703 -0.0747 -78.8251 -0.0299313 0.999497 -0.010433 0.18425 0.0743591 0.0126353 0.997151 39.356 
0.996643 0.0279215 -0.076962 -78.8975 -0.0287259 0.999543 -0.00936413 0.169866 0.0766653 0.0115435 0.99699 40.1757 
0.996497 0.0267778 -0.0792235 -78.9701 -0.0275203 0.999587 -0.00829518 0.135417 0.0789686 0.0104464 0.996822 41.0052 
0.996374 0.0267133 -0.0807794 -79.0424 -0.027358 0.999602 -0.00688525 0.11101 0.0805633 0.00907024 0.996708 41.8448 
0.996328 0.0252497 -0.0818074 -79.1144 -0.0256264 0.999665 -0.00355681 0.107319 0.0816902 0.00564017 0.996642 42.6744 
0.99623 0.0252738 -0.0829905 -79.1864 -0.0252932 0.99968 0.000817488 0.0937728 0.0829845 0.00128469 0.99655 43.5339 
0.996298 0.025504 -0.0820966 -79.2678 -0.0252935 0.999674 0.00360244 0.0798379 0.0821616 -0.00151259 0.996618 44.3834 
0.996414 0.0275737 -0.0799958 -79.3486 -0.027375 0.999619 0.00358031 0.0648872 0.0800639 -0.00137758 0.996789 45.2433 
0.996512 0.0280282 -0.0786068 -79.4199 -0.0278889 0.999607 0.00286923 0.039637 0.0786562 -0.000666963 0.996902 46.1031 
0.996733 0.0257616 -0.0765504 -79.4909 -0.025779 0.999667 0.000761329 0.0338722 0.0765445 0.00121455 0.997065 46.9731 
0.996936 0.0221666 -0.0750184 -79.5625 -0.0222775 0.999752 -0.000641223 0.00835252 0.0749855 0.00231047 0.997182 47.843 
0.997091 0.0209413 -0.0732859 -79.6237 -0.0210458 0.999778 -0.000653617 -0.0167985 0.0732559 0.00219407 0.997311 48.7127 
0.997216 0.0191381 -0.0720664 -79.6951 -0.0191222 0.999817 0.000910563 -0.0214041 0.0720706 0.000470038 0.997399 49.5925 
0.997326 0.0165141 -0.0711944 -79.7568 -0.0163293 0.999862 0.00317751 -0.045785 0.071237 -0.00200645 0.997457 50.4621 
0.997411 0.0150032 -0.0703266 -79.8283 -0.0147552 0.999883 0.00404581 -0.0605606 0.070379 -0.00299765 0.997516 51.3318 
0.997455 0.0160141 -0.0694724 -79.8996 -0.0159663 0.999872 0.00124361 -0.076513 0.0694833 -0.000131227 0.997583 52.1918 
0.997434 0.0198292 -0.0687913 -79.9709 -0.0201404 0.99979 -0.00383183 -0.103244 0.0687009 0.00520747 0.997624 53.0519 
0.997491 0.0210303 -0.0676043 -80.0421 -0.0216929 0.999723 -0.00908098 -0.130018 0.0673946 0.0105247 0.997671 53.912 
0.997398 0.0263789 -0.0670889 -80.1233 -0.0274342 0.999513 -0.014856 -0.156854 0.0666643 0.0166578 0.997636 54.7622 
0.997439 0.0270127 -0.0662214 -80.1848 -0.0281243 0.999478 -0.0159118 -0.192302 0.065757 0.0177335 0.997678 55.622 
0.99751 0.0247952 -0.0660206 -80.2366 -0.0255195 0.999623 -0.0101491 -0.21546 0.065744 0.0118086 0.997767 56.4713 
0.997542 0.0220945 -0.0664926 -80.3088 -0.0222259 0.999752 -0.00123732 -0.237467 0.0664488 0.00271213 0.997786 57.3304 
0.997565 0.0167799 -0.0676962 -80.371 -0.0164864 0.999852 0.00489284 -0.230412 0.0677682 -0.00376486 0.997694 58.1798 
0.997328 0.0210917 -0.069939 -80.4333 -0.0208608 0.999774 0.0040308 -0.275621 0.0700082 -0.00256104 0.997543 59.0095 
0.997246 0.0167287 -0.0722533 -80.4962 -0.0166808 0.99986 0.00126592 -0.311478 0.0722643 -5.71879e-05 0.997386 59.8493 
0.997091 0.0150584 -0.0747135 -80.5587 -0.0151217 0.999886 -0.000280979 -0.316882 0.0747006 0.00140995 0.997205 60.6792 
0.996837 0.0168064 -0.0776784 -80.6313 -0.0170543 0.999851 -0.00252833 -0.342459 0.0776243 0.00384508 0.996975 61.5091 
0.996545 0.0191634 -0.0808189 -80.7138 -0.0196839 0.99979 -0.00564816 -0.368188 0.0806937 0.00721946 0.996713 62.3289 
0.996176 0.0193776 -0.0851912 -80.7869 -0.0202256 0.999754 -0.00910232 -0.384032 0.0849938 0.0107905 0.996323 63.1389 
0.995848 0.0227155 -0.0881487 -80.8694 -0.0238996 0.999637 -0.0124 -0.429764 0.087835 0.0144552 0.99603 63.9487 
0.995462 0.0257491 -0.09161 -80.9621 -0.0270581 0.999548 -0.0130744 -0.4546 0.0912319 0.0154939 0.995709 64.7683 
0.995082 0.0290321 -0.0947034 -81.0545 -0.0302201 0.999481 -0.0111342 -0.478431 0.094331 0.0139413 0.995443 65.5678 
0.994654 0.0310739 -0.0984757 -81.1472 -0.0318229 0.999475 -0.00604318 -0.491264 0.0982362 0.00914465 0.995121 66.3771 
0.994263 0.0308152 -0.102426 -81.2301 -0.0309857 0.99952 -7.28029e-05 -0.513737 0.102374 0.00324612 0.994741 67.1663 
0.993794 0.029459 -0.107267 -81.3235 -0.0292751 0.999566 0.00328917 -0.536998 0.107318 -0.000128491 0.994225 67.9556 
0.993038 0.0315474 -0.113488 -81.427 -0.0312314 0.999502 0.00456162 -0.560836 0.113576 -0.00098546 0.993529 68.735 
0.992453 0.0272777 -0.119557 -81.5208 -0.0265602 0.999618 0.00759154 -0.564124 0.119718 -0.00435878 0.992798 69.5144 
0.991646 0.0286014 -0.12578 -81.6343 -0.0278164 0.999581 0.00799323 -0.578168 0.125956 -0.00442769 0.992026 70.2938 
0.990756 0.0320319 -0.131822 -81.7476 -0.0313372 0.999482 0.00734181 -0.592449 0.131989 -0.003143 0.991246 71.0534 
0.989807 0.0356723 -0.137875 -81.8709 -0.0353767 0.999363 0.00459515 -0.617418 0.137951 0.000329269 0.990439 71.8231 
0.988978 0.0346373 -0.143951 -81.9945 -0.0347063 0.999396 0.00203295 -0.622358 0.143935 0.00298547 0.989583 72.6028 
0.988103 0.0361956 -0.149476 -82.1178 -0.0364773 0.999334 0.000857364 -0.646657 0.149407 0.0046053 0.988765 73.3523 
0.987418 0.0354524 -0.154105 -82.2507 -0.0351143 0.999371 0.00491645 -0.639237 0.154182 0.000556682 0.988042 74.1216 
0.986469 0.0369084 -0.159742 -82.3841 -0.03585 0.999312 0.00950414 -0.66159 0.159983 -0.00364878 0.987113 74.8806 
0.985511 0.0342891 -0.166106 -82.5178 -0.0327474 0.999391 0.0120119 -0.674481 0.166417 -0.00639835 0.986035 75.6198 
0.984366 0.0329701 -0.173024 -82.6617 -0.0319048 0.999451 0.00893546 -0.689233 0.173224 -0.00327545 0.984877 76.3693 
0.982823 0.0324588 -0.181677 -82.8161 -0.0326328 0.999465 0.00203222 -0.70513 0.181645 0.00393129 0.983356 77.109 
0.981081 0.029648 -0.191314 -82.961 -0.0302338 0.999543 -0.000142527 -0.719572 0.191223 0.00592398 0.981529 77.8583 
0.979035 0.0294025 -0.20156 -83.1259 -0.0294175 0.999563 0.0029221 -0.732115 0.201557 0.00306853 0.979472 78.607 
0.9767 0.0292001 -0.212613 -83.3011 -0.0280848 0.999571 0.00826512 -0.743686 0.212763 -0.00210137 0.977102 79.3355 
0.97411 0.0310731 -0.223929 -83.486 -0.028152 0.999472 0.0162265 -0.734252 0.224315 -0.00950228 0.97447 80.0539 
0.971467 0.0300489 -0.235265 -83.6713 -0.0259433 0.999453 0.0205279 -0.746153 0.235753 -0.0138386 0.971714 80.7923 
0.968464 0.0328413 -0.24698 -83.8664 -0.0296527 0.999422 0.0166199 -0.760614 0.247383 -0.00877211 0.968878 81.5114 
0.965378 0.0332622 -0.258726 -84.0817 -0.0324786 0.999446 0.00730393 -0.766649 0.258825 0.00135199 0.965923 82.2208 
0.962091 0.0299782 -0.271075 -84.2874 -0.0304286 0.999534 0.00254232 -0.781149 0.271024 0.00580247 0.962555 82.9196 
0.958645 0.0306945 -0.282944 -84.5027 -0.0301364 0.999526 0.00632604 -0.782795 0.283004 0.00246247 0.959115 83.6279 
0.95512 0.0313526 -0.294556 -84.7379 -0.0284531 0.999495 0.0141252 -0.793064 0.29485 -0.00511025 0.95553 84.3557 
0.951397 0.0302855 -0.306474 -84.9733 -0.0253699 0.999478 0.020011 -0.793834 0.30692 -0.0112631 0.951669 85.0635 
0.94724 0.0283656 -0.319268 -85.2191 -0.0236716 0.999547 0.018574 -0.806905 0.31965 -0.0100364 0.947482 85.7618 
0.943412 0.0265587 -0.330558 -85.4743 -0.0231822 0.999631 0.0141533 -0.800962 0.330812 -0.00568929 0.94368 86.4705 
0.940257 0.0228747 -0.339697 -85.7391 -0.0216324 0.999738 0.00744399 -0.825566 0.339778 0.000349218 0.940505 87.1593 
0.937609 0.0194831 -0.347147 -86.0131 -0.0202512 0.999794 0.00141531 -0.829996 0.347102 0.00570313 0.93781 87.8683 
0.934786 0.0194568 -0.354678 -86.277 -0.0209717 0.99978 -0.000427097 -0.843059 0.354591 0.00783743 0.934988 88.567 
0.931904 0.0227321 -0.361991 -86.5606 -0.0246602 0.999696 -0.000706259 -0.855393 0.361865 0.00958491 0.932181 89.2557 
0.928753 0.0239047 -0.369929 -86.8546 -0.0252139 0.999681 0.00129677 -0.866994 0.369841 0.00812293 0.929059 89.9639 
0.925629 0.0244327 -0.377643 -87.1484 -0.0233314 0.9997 0.00749173 -0.867052 0.377713 0.00187638 0.925921 90.6519 
0.922776 0.0255697 -0.384486 -87.452 -0.0212737 0.999655 0.0154233 -0.876647 0.384748 -0.00605283 0.923002 91.3698 
0.9202 0.0321206 -0.390129 -87.7647 -0.0251428 0.99942 0.0229811 -0.866265 0.390641 -0.0113383 0.920473 92.0781 
0.917695 0.0385722 -0.395409 -88.0874 -0.0328314 0.999234 0.0212779 -0.888714 0.395927 -0.00654473 0.918259 92.757 
0.915188 0.0391777 -0.401118 -88.4005 -0.0370212 0.999228 0.0131286 -0.893368 0.401322 0.00283467 0.915933 93.4363 
0.913197 0.0329516 -0.406184 -88.714 -0.0335339 0.999421 0.0056857 -0.907798 0.406136 0.00842877 0.913773 94.1254 
0.911469 0.0333787 -0.410013 -89.0365 -0.0344155 0.999396 0.00485313 -0.910043 0.409927 0.00968731 0.912067 94.8244 
0.909275 0.0369096 -0.414556 -89.3791 -0.0361816 0.999299 0.00961214 -0.910268 0.41462 0.0062592 0.909973 95.5228 
0.906913 0.0383478 -0.41957 -89.7221 -0.0356803 0.999262 0.0142065 -0.920533 0.419805 0.00208636 0.907612 96.221 
0.904487 0.036034 -0.424976 -90.0555 -0.0336002 0.999348 0.0132233 -0.942724 0.425175 0.00231897 0.905108 96.9195 
0.902315 0.0353904 -0.429622 -90.3984 -0.035869 0.999332 0.00698689 -0.946553 0.429582 0.00910571 0.902982 97.6087 
0.900187 0.0329568 -0.434254 -90.7315 -0.0363915 0.999338 0.000404851 -0.960568 0.43398 0.0154387 0.90079 98.2978 
0.897763 0.0345639 -0.43912 -91.0843 -0.039017 0.999238 -0.00111688 -0.97275 0.438747 0.0181358 0.898428 98.9865 
0.89592 0.0348147 -0.44285 -91.4369 -0.0372909 0.9993 0.00311758 -0.982976 0.442648 0.0137212 0.89659 99.6749 
0.893736 0.0373568 -0.447035 -91.7995 -0.0390498 0.999222 0.00543025 -0.993791 0.44689 0.0126034 0.8945 100.363 
0.891495 0.0385756 -0.451386 -92.1523 -0.0401082 0.999176 0.00617548 -1.01514 0.451252 0.0125989 0.892307 101.042 
0.889138 0.0379934 -0.45606 -92.5152 -0.0397697 0.999193 0.00570561 -1.02687 0.455908 0.0130643 0.889931 101.73 
0.887047 0.0360931 -0.460266 -92.8682 -0.0380342 0.999264 0.0050589 -1.04859 0.460109 0.0130183 0.887767 102.399 
0.884991 0.0349997 -0.46429 -93.2308 -0.036475 0.999318 0.00580626 -1.04977 0.464176 0.0117965 0.885664 103.067 
0.882735 0.0366058 -0.468443 -93.5935 -0.0380551 0.999255 0.00637432 -1.07104 0.468327 0.0121998 0.883471 103.736 
0.880586 0.0369694 -0.472443 -93.9561 -0.0384131 0.99924 0.00659417 -1.08228 0.472328 0.0123412 0.881337 104.385 
0.877997 0.0348051 -0.4774 -94.3293 -0.0378938 0.999277 0.00316158 -1.10472 0.477164 0.0153146 0.878681 105.043 
0.875903 0.0319622 -0.481428 -94.6821 -0.0371955 0.999307 -0.00132841 -1.11755 0.481052 0.0190705 0.876485 105.682 
0.873894 0.0312446 -0.485111 -95.0448 -0.0378951 0.999274 -0.00390508 -1.1396 0.484637 0.0217959 0.874444 106.311 
0.871893 0.0328749 -0.488592 -95.4171 -0.0380832 0.999274 -0.00072315 -1.14983 0.488214 0.0192376 0.872512 106.969 
0.870167 0.0343173 -0.491561 -95.7892 -0.0349662 0.999357 0.00787058 -1.15804 0.491515 0.0103393 0.870807 107.597 
0.868968 0.035859 -0.493567 -96.1409 -0.0314976 0.999357 0.0171517 -1.15619 0.493864 0.000641895 0.869539 108.225 
0.867221 0.0352276 -0.496676 -96.5134 -0.0278485 0.999364 0.0222568 -1.17557 0.497144 -0.00546985 0.867651 108.854 
0.86566 0.0326141 -0.49957 -96.8556 -0.024888 0.999445 0.0221222 -1.17675 0.500014 -0.00671698 0.865991 109.452 
0.863764 0.0308665 -0.50295 -97.208 -0.0245402 0.999515 0.0191958 -1.18866 0.503298 -0.00423816 0.864103 110.031 
0.862204 0.0293331 -0.505712 -97.5502 -0.0243659 0.999568 0.0164363 -1.2006 0.505976 -0.00184934 0.862546 110.61 
0.860826 0.027683 -0.508146 -97.8822 -0.0231467 0.999616 0.0152458 -1.20189 0.508372 -0.00136211 0.861136 111.159 
0.859442 0.0261776 -0.510563 -98.2142 -0.0215799 0.999656 0.0149285 -1.2129 0.510777 -0.00181231 0.859711 111.708 
0.858283 0.0264356 -0.512496 -98.5258 -0.0212361 0.999646 0.0159995 -1.22335 0.512738 -0.00284864 0.858541 112.217 
0.857047 0.0261332 -0.514575 -98.8275 -0.0200207 0.999648 0.0174229 -1.22369 0.514848 -0.00463012 0.857269 112.716 
0.855725 0.0252403 -0.516815 -99.1293 -0.0186294 0.999665 0.0179759 -1.23419 0.517095 -0.00575453 0.855909 113.195 
0.854505 0.0235153 -0.518911 -99.411 -0.016365 0.999698 0.0183544 -1.24484 0.519185 -0.007192 0.854632 113.663 
0.85325 0.0224977 -0.521016 -99.6826 -0.0156687 0.999724 0.0175084 -1.2458 0.521266 -0.00677533 0.853367 114.103 
0.852303 0.0229544 -0.522545 -99.944 -0.0181084 0.999732 0.0143804 -1.25742 0.522735 -0.00279398 0.85249 114.512 
0.850674 0.0209042 -0.525277 -100.196 -0.0179314 0.999781 0.0107483 -1.26921 0.525387 0.000275714 0.850863 114.911 
0.84852 0.017212 -0.528884 -100.448 -0.014966 0.999852 0.00852834 -1.28038 0.528952 0.000678806 0.848651 115.29 
0.845888 0.0132059 -0.533197 -100.671 -0.0100861 0.999911 0.00876428 -1.2809 0.533264 -0.00203575 0.845946 115.659 
0.842613 0.0140644 -0.538336 -100.903 -0.01027 0.999897 0.0100483 -1.29089 0.538421 -0.00293809 0.842671 116.007 
0.839085 0.0172711 -0.543726 -101.135 -0.0128982 0.999846 0.0118547 -1.29052 0.543847 -0.00293401 0.839179 116.325 
0.835276 0.0234287 -0.549332 -101.347 -0.0174501 0.999718 0.016104 -1.29945 0.549554 -0.00386535 0.835449 116.634 
0.831738 0.0285343 -0.554435 -101.559 -0.0192125 0.999559 0.0226213 -1.28755 0.554836 -0.00816293 0.83192 116.932 
0.827057 0.0305358 -0.561289 -101.762 -0.0185295 0.999462 0.0270707 -1.29621 0.561813 -0.0119885 0.827177 117.2 
0.821931 0.0278213 -0.568907 -101.945 -0.0141774 0.999496 0.0283957 -1.29598 0.56941 -0.0152737 0.821912 117.457 
0.815498 0.025629 -0.578193 -102.119 -0.0106971 0.999516 0.0292172 -1.306 0.578661 -0.0176415 0.815377 117.715 
0.807086 0.0244862 -0.589926 -102.293 -0.00809019 0.999505 0.0304183 -1.30558 0.590378 -0.0197776 0.806884 117.921 
0.797304 0.0251311 -0.603055 -102.468 -0.00757553 0.999471 0.0316353 -1.31517 0.60353 -0.0206545 0.797072 118.128 
0.785531 0.0268018 -0.618241 -102.653 -0.00932395 0.999461 0.0314814 -1.31501 0.618751 -0.0189652 0.785358 118.314 
0.772174 0.0262526 -0.634869 -102.82 -0.0094952 0.999511 0.0297822 -1.32545 0.63534 -0.0169688 0.772046 118.489 
0.757885 0.0239897 -0.651947 -102.986 -0.0101791 0.999637 0.0249506 -1.32674 0.652308 -0.0122734 0.757854 118.634 
0.743126 0.0204157 -0.66884 -103.142 -0.00998413 0.999761 0.0194237 -1.32828 0.669076 -0.00775648 0.743153 118.77 
0.72842 0.0203853 -0.684827 -103.308 -0.0134523 0.99979 0.0154523 -1.32924 0.684998 -0.00204327 0.728542 118.905 
0.713192 0.0239445 -0.70056 -103.473 -0.0202347 0.999703 0.0135695 -1.31946 0.700676 0.00449796 0.713465 119.03 
0.696418 0.0262963 -0.717155 -103.638 -0.0233493 0.99963 0.0139798 -1.30896 0.717256 0.00700928 0.696774 119.165 
0.678347 0.025286 -0.734307 -103.825 -0.0205255 0.99967 0.0154626 -1.31791 0.734455 0.00458302 0.678642 119.298 
0.659066 0.0242819 -0.751693 -103.991 -0.0176931 0.999703 0.0167805 -1.31701 0.751877 0.00224028 0.6593 119.421 
0.637531 0.0261454 -0.769981 -104.157 -0.0176431 0.999657 0.0193361 -1.32565 0.770222 0.00125748 0.637774 119.534 
0.614165 0.0306997 -0.78858 -104.363 -0.0207235 0.999526 0.022772 -1.30363 0.788905 0.00235637 0.61451 119.636 
0.590256 0.0348653 -0.806463 -104.549 -0.0227481 0.999389 0.0265565 -1.31164 0.806895 0.00267035 0.590689 119.738 
0.56554 0.0381125 -0.82384 -104.745 -0.024412 0.999268 0.0294701 -1.30981 0.824359 0.00344499 0.566057 119.829 
0.540405 0.0414987 -0.840382 -104.941 -0.0274613 0.999121 0.0316785 -1.30815 0.840957 0.00595869 0.541069 119.911 
0.514423 0.0458627 -0.856309 -105.126 -0.0311984 0.998909 0.0347579 -1.30629 0.856968 0.00883522 0.515293 119.992 
0.487264 0.0491404 -0.871871 -105.341 -0.0330042 0.998738 0.0378459 -1.2941 0.872631 0.0103344 0.488271 120.063 
0.458244 0.0491331 -0.887468 -105.547 -0.0318266 0.998738 0.0388598 -1.30267 0.888256 0.0104378 0.459229 120.133 
0.426701 0.0466859 -0.903187 -105.743 -0.0314968 0.998828 0.0367493 -1.31229 0.903844 0.0127665 0.427671 120.192 
0.39275 0.0426223 -0.918657 -106.008 -0.0306202 0.998978 0.033258 -1.30186 0.919135 0.0150674 0.393654 120.261 
0.354943 0.0401628 -0.934025 -106.234 -0.0300635 0.99905 0.0315343 -1.30111 0.934404 0.0168872 0.355813 120.318 
0.314038 0.0395194 -0.948588 -106.529 -0.0287827 0.99907 0.0320939 -1.29897 0.948974 0.0172242 0.314883 120.364 
0.271046 0.0378828 -0.961821 -106.834 -0.0274747 0.999123 0.0316095 -1.2871 0.962174 0.017858 0.271849 120.409 
0.225312 0.0353392 -0.973646 -107.108 -0.0259594 0.999205 0.0302597 -1.27562 0.97394 0.0184573 0.226051 120.434 
0.176308 0.0333211 -0.983771 -107.462 -0.024582 0.999264 0.0294404 -1.26326 0.984028 0.0189925 0.176998 120.447 
0.126656 0.0328983 -0.991401 -107.805 -0.0233605 0.999272 0.0301751 -1.2504 0.991671 0.0193378 0.127332 120.45 
0.0756262 0.034191 -0.99655 -108.127 -0.0215916 0.999234 0.0326446 -1.24693 0.996902 0.0190483 0.0763065 120.422 
0.0223638 0.0363728 -0.999088 -108.517 -0.0175213 0.999199 0.0359847 -1.23266 0.999596 0.0167005 0.0229832 120.403 
-0.0303994 0.0388979 -0.998781 -108.857 -0.0127388 0.999146 0.0392999 -1.22854 0.999456 0.0139179 -0.0298779 120.345 
-0.0846227 0.0403741 -0.995595 -109.266 -0.00809798 0.999118 0.0412053 -1.21425 0.99638 0.0115492 -0.0842211 120.276 
-0.137564 0.0424686 -0.989582 -109.664 -0.00397353 0.999049 0.0434272 -1.20976 0.990485 0.00990613 -0.137264 120.177 
-0.188085 0.0437725 -0.981177 -110.021 -0.000898168 0.998998 0.0447398 -1.19576 0.982152 0.0092961 -0.187857 120.06 
-0.238576 0.0449681 -0.970083 -110.467 0.00324215 0.998959 0.0455094 -1.18109 0.971118 0.00771225 -0.238473 119.922 
-0.287027 0.0466555 -0.956786 -110.893 0.00877615 0.998899 0.0460764 -1.16644 0.957882 0.00482827 -0.287121 119.755 
-0.3331 0.0482217 -0.941658 -111.287 0.0143039 0.998835 0.0460899 -1.15209 0.942783 0.00188312 -0.333402 119.568 
-0.378546 0.0499351 -0.924235 -111.761 0.0196673 0.998752 0.045906 -1.14704 0.925373 -0.000799734 -0.379055 119.362 
-0.419814 0.0512928 -0.90616 -112.175 0.0237806 0.998681 0.0455127 -1.12229 0.907298 -0.00244217 -0.42048 119.117 
-0.459179 0.0523123 -0.886802 -112.638 0.0270153 0.998625 0.0449205 -1.10707 0.887932 -0.00333062 -0.459962 118.853 
